nH	N	vr	sym
1	17	5000	True
0.000	1.000000	1.000000	1.000000	1.000000	1.000000	1.000000	1.000000	1.000000	1.000000	1.000000	1.000000	1.000000	1.000000	1.000000	1.000000	1.000000	1.000000
0.005	1.000000	0.999997	0.999990	0.999980	0.999970	0.999961	0.999956	0.999953	0.999952	0.999953	0.999956	0.999961	0.999970	0.999980	0.999990	0.999997	1.000000
0.010	1.000000	0.999989	0.999960	0.999920	0.999879	0.999846	0.999823	0.999810	0.999806	0.999810	0.999823	0.999846	0.999879	0.999920	0.999960	0.999989	1.000000
0.015	1.000000	0.999975	0.999909	0.999819	0.999728	0.999652	0.999601	0.999573	0.999565	0.999573	0.999601	0.999652	0.999728	0.999819	0.999909	0.999975	1.000000
0.020	1.000000	0.999956	0.999838	0.999678	0.999516	0.999382	0.999291	0.999241	0.999226	0.999241	0.999291	0.999382	0.999516	0.999678	0.999838	0.999956	1.000000
0.025	1.000000	0.999932	0.999747	0.999498	0.999244	0.999035	0.998892	0.998815	0.998791	0.998815	0.998892	0.999035	0.999244	0.999498	0.999747	0.999932	1.000000
0.030	1.000000	0.999902	0.999636	0.999277	0.998912	0.998610	0.998405	0.998293	0.998259	0.998293	0.998405	0.998610	0.998912	0.999277	0.999636	0.999902	1.000000
0.035	1.000000	0.999866	0.999505	0.999016	0.998519	0.998109	0.997830	0.997678	0.997631	0.997678	0.997830	0.998109	0.998519	0.999016	0.999505	0.999866	1.000000
0.040	1.000000	0.999825	0.999353	0.998714	0.998066	0.997531	0.997166	0.996968	0.996906	0.996968	0.997166	0.997531	0.998066	0.998714	0.999353	0.999825	1.000000
0.045	1.000000	0.999779	0.999181	0.998373	0.997552	0.996876	0.996414	0.996163	0.996086	0.996163	0.996414	0.996876	0.997552	0.998373	0.999181	0.999779	1.000000
0.050	1.000000	0.999727	0.998989	0.997992	0.996979	0.996144	0.995574	0.995265	0.995169	0.995265	0.995574	0.996144	0.996979	0.997992	0.998989	0.999727	1.000000
0.055	1.000000	0.999670	0.998777	0.997570	0.996345	0.995335	0.994647	0.994272	0.994157	0.994272	0.994647	0.995335	0.996345	0.997570	0.998777	0.999670	1.000000
0.060	1.000000	0.999607	0.998545	0.997109	0.995652	0.994450	0.993631	0.993186	0.993049	0.993186	0.993631	0.994450	0.995652	0.997109	0.998545	0.999607	1.000000
0.065	1.000000	0.999539	0.998292	0.996607	0.994898	0.993489	0.992529	0.992007	0.991846	0.992007	0.992529	0.993489	0.994898	0.996607	0.998292	0.999539	1.000000
0.070	1.000000	0.999466	0.998020	0.996066	0.994085	0.992452	0.991339	0.990734	0.990548	0.990734	0.991339	0.992452	0.994085	0.996066	0.998020	0.999466	1.000000
0.075	1.000000	0.999386	0.997727	0.995485	0.993212	0.991338	0.990062	0.989368	0.989155	0.989368	0.990062	0.991338	0.993212	0.995485	0.997727	0.999386	1.000000
0.080	1.000000	0.999302	0.997414	0.994864	0.992279	0.990149	0.988698	0.987909	0.987667	0.987909	0.988698	0.990149	0.992279	0.994864	0.997414	0.999302	1.000000
0.085	1.000000	0.999212	0.997081	0.994203	0.991287	0.988884	0.987248	0.986359	0.986085	0.986359	0.987248	0.988884	0.991287	0.994203	0.997081	0.999212	1.000000
0.090	1.000000	0.999117	0.996728	0.993503	0.990235	0.987544	0.985711	0.984716	0.984409	0.984716	0.985711	0.987544	0.990235	0.993503	0.996728	0.999117	1.000000
0.095	1.000000	0.999016	0.996355	0.992763	0.989125	0.986129	0.984089	0.982981	0.982640	0.982981	0.984089	0.986129	0.989125	0.992763	0.996355	0.999016	1.000000
0.100	1.000000	0.998909	0.995961	0.991984	0.987955	0.984638	0.982381	0.981155	0.980777	0.981155	0.982381	0.984638	0.987955	0.991984	0.995961	0.998909	1.000000
0.105	1.000000	0.998798	0.995548	0.991164	0.986726	0.983073	0.980587	0.979237	0.978822	0.979237	0.980587	0.983073	0.986726	0.991164	0.995548	0.998798	1.000000
0.110	1.000000	0.998680	0.995115	0.990306	0.985438	0.981434	0.978709	0.977229	0.976774	0.977229	0.978709	0.981434	0.985438	0.990306	0.995115	0.998680	1.000000
0.115	1.000000	0.998558	0.994662	0.989408	0.984092	0.979720	0.976746	0.975131	0.974635	0.975131	0.976746	0.979720	0.984092	0.989408	0.994662	0.998558	1.000000
0.120	1.000000	0.998430	0.994188	0.988471	0.982688	0.977933	0.974699	0.972943	0.972404	0.972943	0.974699	0.977933	0.982688	0.988471	0.994188	0.998430	1.000000
0.125	1.000000	0.998296	0.993695	0.987494	0.981225	0.976072	0.972568	0.970666	0.970081	0.970666	0.972568	0.976072	0.981225	0.987494	0.993695	0.998296	1.000000
0.130	1.000000	0.998157	0.993182	0.986479	0.979704	0.974137	0.970353	0.968300	0.967668	0.968300	0.970353	0.974137	0.979704	0.986479	0.993182	0.998157	1.000000
0.135	1.000000	0.998013	0.992649	0.985424	0.978125	0.972130	0.968056	0.965845	0.965165	0.965845	0.968056	0.972130	0.978125	0.985424	0.992649	0.998013	1.000000
0.140	1.000000	0.997863	0.992095	0.984331	0.976489	0.970050	0.965676	0.963302	0.962573	0.963302	0.965676	0.970050	0.976489	0.984331	0.992095	0.997863	1.000000
0.145	1.000000	0.997708	0.991523	0.983199	0.974795	0.967898	0.963213	0.960672	0.959891	0.960672	0.963213	0.967898	0.974795	0.983199	0.991523	0.997708	1.000000
0.150	1.000000	0.997547	0.990930	0.982027	0.973044	0.965673	0.960669	0.957955	0.957121	0.957955	0.960669	0.965673	0.973044	0.982027	0.990930	0.997547	1.000000
0.155	1.000000	0.997381	0.990317	0.980818	0.971236	0.963377	0.958044	0.955152	0.954263	0.955152	0.958044	0.963377	0.971236	0.980818	0.990317	0.997381	1.000000
0.160	1.000000	0.997210	0.989685	0.979569	0.969371	0.961010	0.955338	0.952263	0.951318	0.952263	0.955338	0.961010	0.969371	0.979569	0.989685	0.997210	1.000000
0.165	1.000000	0.997033	0.989032	0.978283	0.967449	0.958573	0.952552	0.949289	0.948286	0.949289	0.952552	0.958573	0.967449	0.978283	0.989032	0.997033	1.000000
0.170	1.000000	0.996851	0.988361	0.976958	0.965472	0.956064	0.949686	0.946230	0.945168	0.946230	0.949686	0.956064	0.965472	0.976958	0.988361	0.996851	1.000000
0.175	1.000000	0.996663	0.987669	0.975594	0.963438	0.953486	0.946741	0.943087	0.941964	0.943087	0.946741	0.953486	0.963438	0.975594	0.987669	0.996663	1.000000
0.180	1.000000	0.996470	0.986957	0.974193	0.961349	0.950838	0.943717	0.939860	0.938676	0.939860	0.943717	0.950838	0.961349	0.974193	0.986957	0.996470	1.000000
0.185	1.000000	0.996271	0.986226	0.972754	0.959204	0.948121	0.940616	0.936551	0.935303	0.936551	0.940616	0.948121	0.959204	0.972754	0.986226	0.996271	1.000000
0.190	1.000000	0.996067	0.985476	0.971276	0.957003	0.945336	0.937436	0.933160	0.931847	0.933160	0.937436	0.945336	0.957003	0.971276	0.985476	0.996067	1.000000
0.195	1.000000	0.995858	0.984706	0.969761	0.954748	0.942482	0.934180	0.929688	0.928309	0.929688	0.934180	0.942482	0.954748	0.969761	0.984706	0.995858	1.000000
0.200	1.000000	0.995643	0.983916	0.968209	0.952438	0.939560	0.930848	0.926135	0.924688	0.926135	0.930848	0.939560	0.952438	0.968209	0.983916	0.995643	1.000000
0.205	1.000000	0.995423	0.983106	0.966619	0.950074	0.936571	0.927440	0.922502	0.920986	0.922502	0.927440	0.936571	0.950074	0.966619	0.983106	0.995423	1.000000
0.210	1.000000	0.995197	0.982278	0.964991	0.947656	0.933515	0.923958	0.918789	0.917203	0.918789	0.923958	0.933515	0.947656	0.964991	0.982278	0.995197	1.000000
0.215	1.000000	0.994966	0.981429	0.963327	0.945184	0.930393	0.920400	0.914999	0.913341	0.914999	0.920400	0.930393	0.945184	0.963327	0.981429	0.994966	1.000000
0.220	1.000000	0.994729	0.980562	0.961625	0.942658	0.927205	0.916769	0.911130	0.909400	0.911130	0.916769	0.927205	0.942658	0.961625	0.980562	0.994729	1.000000
0.225	1.000000	0.994488	0.979675	0.959887	0.940080	0.923951	0.913066	0.907185	0.905381	0.907185	0.913066	0.923951	0.940080	0.959887	0.979675	0.994488	1.000000
0.230	1.000000	0.994240	0.978768	0.958111	0.937448	0.920633	0.909289	0.903163	0.901284	0.903163	0.909289	0.920633	0.937448	0.958111	0.978768	0.994240	1.000000
0.235	1.000000	0.993988	0.977842	0.956299	0.934764	0.917251	0.905442	0.899066	0.897111	0.899066	0.905442	0.917251	0.934764	0.956299	0.977842	0.993988	1.000000
0.240	1.000000	0.993730	0.976897	0.954451	0.932028	0.913805	0.901523	0.894895	0.892862	0.894895	0.901523	0.913805	0.932028	0.954451	0.976897	0.993730	1.000000
0.245	1.000000	0.993466	0.975933	0.952566	0.929240	0.910295	0.897534	0.890649	0.888539	0.890649	0.897534	0.910295	0.929240	0.952566	0.975933	0.993466	1.000000
0.250	1.000000	0.993198	0.974950	0.950645	0.926401	0.906724	0.893476	0.886331	0.884142	0.886331	0.893476	0.906724	0.926401	0.950645	0.974950	0.993198	1.000000
0.255	1.000000	0.992924	0.973947	0.948688	0.923511	0.903090	0.889349	0.881941	0.879671	0.881941	0.889349	0.903090	0.923511	0.948688	0.973947	0.992924	1.000000
0.260	1.000000	0.992644	0.972926	0.946696	0.920570	0.899395	0.885154	0.877480	0.875129	0.877480	0.885154	0.899395	0.920570	0.946696	0.972926	0.992644	1.000000
0.265	1.000000	0.992359	0.971885	0.944668	0.917579	0.895639	0.880892	0.872948	0.870515	0.872948	0.880892	0.895639	0.917579	0.944668	0.971885	0.992359	1.000000
0.270	1.000000	0.992069	0.970825	0.942604	0.914538	0.891822	0.876564	0.868347	0.865831	0.868347	0.876564	0.891822	0.914538	0.942604	0.970825	0.992069	1.000000
0.275	1.000000	0.991773	0.969747	0.940505	0.911447	0.887947	0.872170	0.863678	0.861078	0.863678	0.872170	0.887947	0.911447	0.940505	0.969747	0.991773	1.000000
0.280	1.000000	0.991473	0.968649	0.938370	0.908307	0.884012	0.867711	0.858941	0.856257	0.858941	0.867711	0.884012	0.908307	0.938370	0.968649	0.991473	1.000000
0.285	1.000000	0.991166	0.967533	0.936201	0.905118	0.880019	0.863189	0.854138	0.851368	0.854138	0.863189	0.880019	0.905118	0.936201	0.967533	0.991166	1.000000
0.290	1.000000	0.990855	0.966397	0.933997	0.901881	0.875968	0.858603	0.849269	0.846413	0.849269	0.858603	0.875968	0.901881	0.933997	0.966397	0.990855	1.000000
0.295	1.000000	0.990538	0.965243	0.931759	0.898596	0.871860	0.853955	0.844335	0.841392	0.844335	0.853955	0.871860	0.898596	0.931759	0.965243	0.990538	1.000000
0.300	1.000000	0.990215	0.964070	0.929486	0.895264	0.867695	0.849246	0.839337	0.836308	0.839337	0.849246	0.867695	0.895264	0.929486	0.964070	0.990215	1.000000
0.305	1.000000	0.989888	0.962879	0.927179	0.891884	0.863475	0.844476	0.834277	0.831159	0.834277	0.844476	0.863475	0.891884	0.927179	0.962879	0.989888	1.000000
0.310	1.000000	0.989555	0.961669	0.924838	0.888458	0.859200	0.839647	0.829155	0.825949	0.829155	0.839647	0.859200	0.888458	0.924838	0.961669	0.989555	1.000000
0.315	1.000000	0.989216	0.960440	0.922463	0.884985	0.854870	0.834759	0.823973	0.820677	0.823973	0.834759	0.854870	0.884985	0.922463	0.960440	0.989216	1.000000
0.320	1.000000	0.988872	0.959193	0.920055	0.881467	0.850487	0.829812	0.818730	0.815345	0.818730	0.829812	0.850487	0.881467	0.920055	0.959193	0.988872	1.000000
0.325	1.000000	0.988523	0.957927	0.917613	0.877903	0.846051	0.824809	0.813429	0.809954	0.813429	0.824809	0.846051	0.877903	0.917613	0.957927	0.988523	1.000000
0.330	1.000000	0.988169	0.956643	0.915138	0.874294	0.841562	0.819750	0.808071	0.804505	0.808071	0.819750	0.841562	0.874294	0.915138	0.956643	0.988169	1.000000
0.335	1.000000	0.987809	0.955341	0.912630	0.870640	0.837022	0.814636	0.802655	0.799000	0.802655	0.814636	0.837022	0.870640	0.912630	0.955341	0.987809	1.000000
0.340	1.000000	0.987445	0.954020	0.910089	0.866943	0.832431	0.809467	0.797185	0.793438	0.797185	0.809467	0.832431	0.866943	0.910089	0.954020	0.987445	1.000000
0.345	1.000000	0.987074	0.952681	0.907516	0.863202	0.827789	0.804245	0.791659	0.787821	0.791659	0.804245	0.827789	0.863202	0.907516	0.952681	0.987074	1.000000
0.350	1.000000	0.986699	0.951324	0.904910	0.859417	0.823099	0.798971	0.786081	0.782151	0.786081	0.798971	0.823099	0.859417	0.904910	0.951324	0.986699	1.000000
0.355	1.000000	0.986318	0.949949	0.902272	0.855591	0.818359	0.793645	0.780450	0.776428	0.780450	0.793645	0.818359	0.855591	0.902272	0.949949	0.986318	1.000000
0.360	1.000000	0.985932	0.948556	0.899602	0.851722	0.813572	0.788269	0.774768	0.770654	0.774768	0.788269	0.813572	0.851722	0.899602	0.948556	0.985932	1.000000
0.365	1.000000	0.985540	0.947144	0.896901	0.847811	0.808737	0.782843	0.769035	0.764830	0.769035	0.782843	0.808737	0.847811	0.896901	0.947144	0.985540	1.000000
0.370	1.000000	0.985143	0.945715	0.894168	0.843859	0.803856	0.777369	0.763254	0.758957	0.763254	0.777369	0.803856	0.843859	0.894168	0.945715	0.985143	1.000000
0.375	1.000000	0.984741	0.944268	0.891404	0.839866	0.798929	0.771848	0.757425	0.753036	0.757425	0.771848	0.798929	0.839866	0.891404	0.944268	0.984741	1.000000
0.380	1.000000	0.984334	0.942803	0.888609	0.835833	0.793958	0.766280	0.751549	0.747068	0.751549	0.766280	0.793958	0.835833	0.888609	0.942803	0.984334	1.000000
0.385	1.000000	0.983922	0.941320	0.885783	0.831760	0.788942	0.760666	0.745627	0.741054	0.745627	0.760666	0.788942	0.831760	0.885783	0.941320	0.983922	1.000000
0.390	1.000000	0.983504	0.939820	0.882926	0.827648	0.783882	0.755008	0.739661	0.734997	0.739661	0.755008	0.783882	0.827648	0.882926	0.939820	0.983504	1.000000
0.395	1.000000	0.983081	0.938301	0.880039	0.823497	0.778781	0.749306	0.733652	0.728896	0.733652	0.749306	0.778781	0.823497	0.880039	0.938301	0.983081	1.000000
0.400	1.000000	0.982652	0.936766	0.877122	0.819308	0.773637	0.743561	0.727600	0.722753	0.727600	0.743561	0.773637	0.819308	0.877122	0.936766	0.982652	1.000000
0.405	1.000000	0.982219	0.935213	0.874176	0.815081	0.768452	0.737776	0.721507	0.716569	0.721507	0.737776	0.768452	0.815081	0.874176	0.935213	0.982219	1.000000
0.410	1.000000	0.981780	0.933642	0.871199	0.810817	0.763227	0.731949	0.715375	0.710346	0.715375	0.731949	0.763227	0.810817	0.871199	0.933642	0.981780	1.000000
0.415	1.000000	0.981336	0.932054	0.868194	0.806516	0.757963	0.726083	0.709203	0.704084	0.709203	0.726083	0.757963	0.806516	0.868194	0.932054	0.981336	1.000000
0.420	1.000000	0.980886	0.930449	0.865159	0.802179	0.752660	0.720179	0.702995	0.697786	0.702995	0.720179	0.752660	0.802179	0.865159	0.930449	0.980886	1.000000
0.425	1.000000	0.980432	0.928826	0.862096	0.797807	0.747319	0.714238	0.696749	0.691451	0.696749	0.714238	0.747319	0.797807	0.862096	0.928826	0.980432	1.000000
0.430	1.000000	0.979972	0.927186	0.859003	0.793399	0.741942	0.708260	0.690469	0.685082	0.690469	0.708260	0.741942	0.793399	0.859003	0.927186	0.979972	1.000000
0.435	1.000000	0.979507	0.925529	0.855883	0.788957	0.736528	0.702247	0.684155	0.678679	0.684155	0.702247	0.736528	0.788957	0.855883	0.925529	0.979507	1.000000
0.440	1.000000	0.979037	0.923855	0.852734	0.784480	0.731079	0.696199	0.677808	0.672245	0.677808	0.696199	0.731079	0.784480	0.852734	0.923855	0.979037	1.000000
0.445	1.000000	0.978561	0.922165	0.849558	0.779970	0.725595	0.690118	0.671429	0.665779	0.671429	0.690118	0.725595	0.779970	0.849558	0.922165	0.978561	1.000000
0.450	1.000000	0.978080	0.920457	0.846354	0.775427	0.720077	0.684006	0.665020	0.659284	0.665020	0.684006	0.720077	0.775427	0.846354	0.920457	0.978080	1.000000
0.455	1.000000	0.977595	0.918732	0.843123	0.770852	0.714527	0.677862	0.658581	0.652760	0.658581	0.677862	0.714527	0.770852	0.843123	0.918732	0.977595	1.000000
0.460	1.000000	0.977104	0.916991	0.839865	0.766245	0.708945	0.671688	0.652115	0.646209	0.652115	0.671688	0.708945	0.766245	0.839865	0.916991	0.977104	1.000000
0.465	1.000000	0.976607	0.915233	0.836579	0.761606	0.703331	0.665485	0.645622	0.639632	0.645622	0.665485	0.703331	0.761606	0.836579	0.915233	0.976607	1.000000
0.470	1.000000	0.976106	0.913458	0.833268	0.756937	0.697687	0.659254	0.639103	0.633030	0.639103	0.659254	0.697687	0.756937	0.833268	0.913458	0.976106	1.000000
0.475	1.000000	0.975599	0.911667	0.829930	0.752237	0.692014	0.652997	0.632560	0.626405	0.632560	0.652997	0.692014	0.752237	0.829930	0.911667	0.975599	1.000000
0.480	1.000000	0.975087	0.909860	0.826566	0.747508	0.686312	0.646714	0.625994	0.619758	0.625994	0.646714	0.686312	0.747508	0.826566	0.909860	0.975087	1.000000
0.485	1.000000	0.974571	0.908036	0.823177	0.742749	0.680582	0.640406	0.619406	0.613090	0.619406	0.640406	0.680582	0.742749	0.823177	0.908036	0.974571	1.000000
0.490	1.000000	0.974048	0.906195	0.819762	0.737962	0.674825	0.634074	0.612797	0.606402	0.612797	0.634074	0.674825	0.737962	0.819762	0.906195	0.974048	1.000000
0.495	1.000000	0.973521	0.904339	0.816322	0.733147	0.669042	0.627720	0.606169	0.599697	0.606169	0.627720	0.669042	0.733147	0.816322	0.904339	0.973521	1.000000
0.500	1.000000	0.972989	0.902466	0.812857	0.728305	0.663234	0.621345	0.599522	0.592974	0.599522	0.621345	0.663234	0.728305	0.812857	0.902466	0.972989	1.000000
0.505	1.000000	0.972451	0.900578	0.809368	0.723435	0.657402	0.614949	0.592859	0.586235	0.592859	0.614949	0.657402	0.723435	0.809368	0.900578	0.972451	1.000000
0.510	1.000000	0.971909	0.898673	0.805854	0.718540	0.651546	0.608534	0.586179	0.579481	0.586179	0.608534	0.651546	0.718540	0.805854	0.898673	0.971909	1.000000
0.515	1.000000	0.971361	0.896753	0.802316	0.713619	0.645667	0.602100	0.579485	0.572715	0.579485	0.602100	0.645667	0.713619	0.802316	0.896753	0.971361	1.000000
0.520	1.000000	0.970808	0.894816	0.798755	0.708672	0.639766	0.595650	0.572778	0.565936	0.572778	0.595650	0.639766	0.708672	0.798755	0.894816	0.970808	1.000000
0.525	1.000000	0.970250	0.892864	0.795170	0.703701	0.633845	0.589184	0.566058	0.559147	0.566058	0.589184	0.633845	0.703701	0.795170	0.892864	0.970250	1.000000
0.530	1.000000	0.969687	0.890896	0.791562	0.698706	0.627903	0.582702	0.559328	0.552348	0.559328	0.582702	0.627903	0.698706	0.791562	0.890896	0.969687	1.000000
0.535	1.000000	0.969118	0.888913	0.787931	0.693688	0.621942	0.576207	0.552587	0.545541	0.552587	0.576207	0.621942	0.693688	0.787931	0.888913	0.969118	1.000000
0.540	1.000000	0.968545	0.886914	0.784277	0.688646	0.615963	0.569699	0.545838	0.538727	0.545838	0.569699	0.615963	0.688646	0.784277	0.886914	0.968545	1.000000
0.545	1.000000	0.967967	0.884900	0.780601	0.683583	0.609966	0.563179	0.539082	0.531908	0.539082	0.563179	0.609966	0.683583	0.780601	0.884900	0.967967	1.000000
0.550	1.000000	0.967383	0.882870	0.776903	0.678498	0.603952	0.556649	0.532320	0.525084	0.532320	0.556649	0.603952	0.678498	0.776903	0.882870	0.967383	1.000000
0.555	1.000000	0.966794	0.880825	0.773184	0.673392	0.597923	0.550108	0.525553	0.518256	0.525553	0.550108	0.597923	0.673392	0.773184	0.880825	0.966794	1.000000
0.560	1.000000	0.966201	0.878765	0.769443	0.668265	0.591878	0.543560	0.518782	0.511427	0.518782	0.543560	0.591878	0.668265	0.769443	0.878765	0.966201	1.000000
0.565	1.000000	0.965602	0.876690	0.765680	0.663118	0.585820	0.537004	0.512008	0.504598	0.512008	0.537004	0.585820	0.663118	0.765680	0.876690	0.965602	1.000000
0.570	1.000000	0.964998	0.874600	0.761897	0.657952	0.579748	0.530441	0.505234	0.497768	0.505234	0.530441	0.579748	0.657952	0.761897	0.874600	0.964998	1.000000
0.575	1.000000	0.964389	0.872495	0.758094	0.652767	0.573664	0.523874	0.498459	0.490941	0.498459	0.523874	0.573664	0.652767	0.758094	0.872495	0.964389	1.000000
0.580	1.000000	0.963776	0.870375	0.754270	0.647565	0.567568	0.517301	0.491685	0.484117	0.491685	0.517301	0.567568	0.647565	0.754270	0.870375	0.963776	1.000000
0.585	1.000000	0.963157	0.868241	0.750427	0.642344	0.561462	0.510726	0.484914	0.477297	0.484914	0.510726	0.561462	0.642344	0.750427	0.868241	0.963157	1.000000
0.590	1.000000	0.962533	0.866092	0.746563	0.637107	0.555346	0.504149	0.478146	0.470482	0.478146	0.504149	0.555346	0.637107	0.746563	0.866092	0.962533	1.000000
0.595	1.000000	0.961904	0.863928	0.742681	0.631853	0.549221	0.497570	0.471383	0.463674	0.471383	0.497570	0.549221	0.631853	0.742681	0.863928	0.961904	1.000000
0.600	1.000000	0.961270	0.861750	0.738779	0.626583	0.543087	0.490991	0.464625	0.456874	0.464625	0.490991	0.543087	0.626583	0.738779	0.861750	0.961270	1.000000
0.605	1.000000	0.960631	0.859557	0.734859	0.621298	0.536947	0.484414	0.457874	0.450084	0.457874	0.484414	0.536947	0.621298	0.734859	0.859557	0.960631	1.000000
0.610	1.000000	0.959987	0.857350	0.730920	0.615998	0.530800	0.477838	0.451132	0.443303	0.451132	0.477838	0.530800	0.615998	0.730920	0.857350	0.959987	1.000000
0.615	1.000000	0.959338	0.855129	0.726963	0.610685	0.524647	0.471265	0.444399	0.436535	0.444399	0.471265	0.524647	0.610685	0.726963	0.855129	0.959338	1.000000
0.620	1.000000	0.958684	0.852894	0.722989	0.605358	0.518490	0.464697	0.437676	0.429779	0.437676	0.464697	0.518490	0.605358	0.722989	0.852894	0.958684	1.000000
0.625	1.000000	0.958025	0.850645	0.718996	0.600018	0.512328	0.458133	0.430965	0.423037	0.430965	0.458133	0.512328	0.600018	0.718996	0.850645	0.958025	1.000000
0.630	1.000000	0.957361	0.848382	0.714987	0.594666	0.506164	0.451576	0.424266	0.416310	0.424266	0.451576	0.506164	0.594666	0.714987	0.848382	0.957361	1.000000
0.635	1.000000	0.956692	0.846105	0.710961	0.589302	0.499997	0.445025	0.417582	0.409599	0.417582	0.445025	0.499997	0.589302	0.710961	0.846105	0.956692	1.000000
0.640	1.000000	0.956019	0.843815	0.706918	0.583926	0.493829	0.438483	0.410912	0.402906	0.410912	0.438483	0.493829	0.583926	0.706918	0.843815	0.956019	1.000000
0.645	1.000000	0.955340	0.841510	0.702859	0.578541	0.487660	0.431950	0.404258	0.396231	0.404258	0.431950	0.487660	0.578541	0.702859	0.841510	0.955340	1.000000
0.650	1.000000	0.954656	0.839193	0.698784	0.573145	0.481491	0.425427	0.397622	0.389577	0.397622	0.425427	0.481491	0.573145	0.698784	0.839193	0.954656	1.000000
0.655	1.000000	0.953967	0.836862	0.694694	0.567740	0.475323	0.418915	0.391003	0.382943	0.391003	0.418915	0.475323	0.567740	0.694694	0.836862	0.953967	1.000000
0.660	1.000000	0.953274	0.834517	0.690588	0.562327	0.469158	0.412415	0.384405	0.376331	0.384405	0.412415	0.469158	0.562327	0.690588	0.834517	0.953274	1.000000
0.665	1.000000	0.952576	0.832159	0.686467	0.556905	0.462994	0.405928	0.377826	0.369742	0.377826	0.405928	0.462994	0.556905	0.686467	0.832159	0.952576	1.000000
0.670	1.000000	0.951872	0.829788	0.682332	0.551475	0.456834	0.399456	0.371269	0.363178	0.371269	0.399456	0.456834	0.551475	0.682332	0.829788	0.951872	1.000000
0.675	1.000000	0.951164	0.827404	0.678182	0.546038	0.450679	0.392998	0.364735	0.356639	0.364735	0.392998	0.450679	0.546038	0.678182	0.827404	0.951164	1.000000
0.680	1.000000	0.950451	0.825007	0.674018	0.540595	0.444528	0.386556	0.358224	0.350126	0.358224	0.386556	0.444528	0.540595	0.674018	0.825007	0.950451	1.000000
0.685	1.000000	0.949733	0.822598	0.669840	0.535146	0.438383	0.380131	0.351738	0.343641	0.351738	0.380131	0.438383	0.535146	0.669840	0.822598	0.949733	1.000000
0.690	1.000000	0.949010	0.820175	0.665649	0.529692	0.432245	0.373723	0.345278	0.337184	0.345278	0.373723	0.432245	0.529692	0.665649	0.820175	0.949010	1.000000
0.695	1.000000	0.948282	0.817740	0.661444	0.524233	0.426114	0.367335	0.338844	0.330758	0.338844	0.367335	0.426114	0.524233	0.661444	0.817740	0.948282	1.000000
0.700	1.000000	0.947550	0.815292	0.657227	0.518769	0.419992	0.360966	0.332439	0.324361	0.332439	0.360966	0.419992	0.518769	0.657227	0.815292	0.947550	1.000000
0.705	1.000000	0.946812	0.812832	0.652998	0.513302	0.413878	0.354617	0.326062	0.317997	0.326062	0.354617	0.413878	0.513302	0.652998	0.812832	0.946812	1.000000
0.710	1.000000	0.946070	0.810359	0.648756	0.507832	0.407774	0.348290	0.319714	0.311666	0.319714	0.348290	0.407774	0.507832	0.648756	0.810359	0.946070	1.000000
0.715	1.000000	0.945323	0.807874	0.644502	0.502360	0.401680	0.341986	0.313398	0.305368	0.313398	0.341986	0.401680	0.502360	0.644502	0.807874	0.945323	1.000000
0.720	1.000000	0.944571	0.805377	0.640237	0.496885	0.395598	0.335704	0.307113	0.299105	0.307113	0.335704	0.395598	0.496885	0.640237	0.805377	0.944571	1.000000
0.725	1.000000	0.943814	0.802868	0.635961	0.491409	0.389527	0.329447	0.300861	0.292878	0.300861	0.329447	0.389527	0.491409	0.635961	0.802868	0.943814	1.000000
0.730	1.000000	0.943052	0.800346	0.631674	0.485933	0.383469	0.323215	0.294642	0.286688	0.294642	0.323215	0.383469	0.485933	0.631674	0.800346	0.943052	1.000000
0.735	1.000000	0.942286	0.797813	0.627376	0.480456	0.377425	0.317008	0.288459	0.280536	0.288459	0.317008	0.377425	0.480456	0.627376	0.797813	0.942286	1.000000
0.740	1.000000	0.941515	0.795269	0.623068	0.474979	0.371394	0.310829	0.282310	0.274422	0.282310	0.310829	0.371394	0.474979	0.623068	0.795269	0.941515	1.000000
0.745	1.000000	0.940739	0.792712	0.618750	0.469503	0.365379	0.304676	0.276198	0.268348	0.276198	0.304676	0.365379	0.469503	0.618750	0.792712	0.940739	1.000000
0.750	1.000000	0.939958	0.790144	0.614422	0.464029	0.359379	0.298552	0.270124	0.262315	0.270124	0.298552	0.359379	0.464029	0.614422	0.790144	0.939958	1.000000
0.755	1.000000	0.939173	0.787565	0.610085	0.458557	0.353395	0.292458	0.264087	0.256323	0.264087	0.292458	0.353395	0.458557	0.610085	0.787565	0.939173	1.000000
0.760	1.000000	0.938383	0.784974	0.605739	0.453087	0.347429	0.286393	0.258090	0.250374	0.258090	0.286393	0.347429	0.453087	0.605739	0.784974	0.938383	1.000000
0.765	1.000000	0.937588	0.782372	0.601384	0.447620	0.341480	0.280359	0.252133	0.244468	0.252133	0.280359	0.341480	0.447620	0.601384	0.782372	0.937588	1.000000
0.770	1.000000	0.936788	0.779759	0.597021	0.442156	0.335549	0.274356	0.246216	0.238606	0.246216	0.274356	0.335549	0.442156	0.597021	0.779759	0.936788	1.000000
0.775	1.000000	0.935984	0.777134	0.592650	0.436697	0.329638	0.268386	0.240341	0.232790	0.240341	0.268386	0.329638	0.436697	0.592650	0.777134	0.935984	1.000000
0.780	1.000000	0.935174	0.774499	0.588271	0.431242	0.323746	0.262449	0.234509	0.227019	0.234509	0.262449	0.323746	0.431242	0.588271	0.774499	0.935174	1.000000
0.785	1.000000	0.934361	0.771853	0.583884	0.425792	0.317874	0.256546	0.228720	0.221296	0.228720	0.256546	0.317874	0.425792	0.583884	0.771853	0.934361	1.000000
0.790	1.000000	0.933542	0.769196	0.579491	0.420348	0.312024	0.250678	0.222975	0.215619	0.222975	0.250678	0.312024	0.420348	0.579491	0.769196	0.933542	1.000000
0.795	1.000000	0.932719	0.766529	0.575090	0.414911	0.306195	0.244845	0.217275	0.209992	0.217275	0.244845	0.306195	0.414911	0.575090	0.766529	0.932719	1.000000
0.800	1.000000	0.931891	0.763851	0.570683	0.409480	0.300389	0.239048	0.211621	0.204413	0.211621	0.239048	0.300389	0.409480	0.570683	0.763851	0.931891	1.000000
0.805	1.000000	0.931058	0.761163	0.566270	0.404056	0.294606	0.233287	0.206013	0.198885	0.206013	0.233287	0.294606	0.404056	0.566270	0.761163	0.931058	1.000000
0.810	1.000000	0.930221	0.758464	0.561851	0.398640	0.288846	0.227564	0.200452	0.193407	0.200452	0.227564	0.288846	0.398640	0.561851	0.758464	0.930221	1.000000
0.815	1.000000	0.929379	0.755756	0.557427	0.393232	0.283111	0.221880	0.194939	0.187981	0.194939	0.221880	0.283111	0.393232	0.557427	0.755756	0.929379	1.000000
0.820	1.000000	0.928533	0.753037	0.552997	0.387833	0.277400	0.216234	0.189475	0.182607	0.189475	0.216234	0.277400	0.387833	0.552997	0.753037	0.928533	1.000000
0.825	1.000000	0.927682	0.750308	0.548562	0.382443	0.271715	0.210628	0.184061	0.177286	0.184061	0.210628	0.271715	0.382443	0.548562	0.750308	0.927682	1.000000
0.830	1.000000	0.926826	0.747569	0.544123	0.377062	0.266056	0.205061	0.178696	0.172019	0.178696	0.205061	0.266056	0.377062	0.544123	0.747569	0.926826	1.000000
0.835	1.000000	0.925966	0.744821	0.539679	0.371692	0.260424	0.199536	0.173382	0.166806	0.173382	0.199536	0.260424	0.371692	0.539679	0.744821	0.925966	1.000000
0.840	1.000000	0.925101	0.742062	0.535232	0.366333	0.254819	0.194052	0.168119	0.161649	0.168119	0.194052	0.254819	0.366333	0.535232	0.742062	0.925101	1.000000
0.845	1.000000	0.924231	0.739295	0.530780	0.360985	0.249241	0.188610	0.162909	0.156547	0.162909	0.188610	0.249241	0.360985	0.530780	0.739295	0.924231	1.000000
0.850	1.000000	0.923357	0.736517	0.526326	0.355649	0.243692	0.183211	0.157751	0.151501	0.157751	0.183211	0.243692	0.355649	0.526326	0.736517	0.923357	1.000000
0.855	1.000000	0.922478	0.733731	0.521868	0.350324	0.238172	0.177855	0.152646	0.146513	0.152646	0.177855	0.238172	0.350324	0.521868	0.733731	0.922478	1.000000
0.860	1.000000	0.921595	0.730935	0.517407	0.345012	0.232682	0.172542	0.147595	0.141582	0.147595	0.172542	0.232682	0.345012	0.517407	0.730935	0.921595	1.000000
0.865	1.000000	0.920707	0.728130	0.512944	0.339714	0.227221	0.167275	0.142599	0.136709	0.142599	0.167275	0.227221	0.339714	0.512944	0.728130	0.920707	1.000000
0.870	1.000000	0.919815	0.725317	0.508479	0.334429	0.221791	0.162052	0.137658	0.131895	0.137658	0.162052	0.221791	0.334429	0.508479	0.725317	0.919815	1.000000
0.875	1.000000	0.918918	0.722494	0.504012	0.329158	0.216392	0.156874	0.132772	0.127141	0.132772	0.156874	0.216392	0.329158	0.504012	0.722494	0.918918	1.000000
0.880	1.000000	0.918017	0.719662	0.499543	0.323901	0.211025	0.151743	0.127943	0.122446	0.127943	0.151743	0.211025	0.323901	0.499543	0.719662	0.918017	1.000000
0.885	1.000000	0.917111	0.716822	0.495073	0.318659	0.205690	0.146658	0.123170	0.117812	0.123170	0.146658	0.205690	0.318659	0.495073	0.716822	0.917111	1.000000
0.890	1.000000	0.916200	0.713973	0.490602	0.313433	0.200387	0.141620	0.118454	0.113239	0.118454	0.141620	0.200387	0.313433	0.490602	0.713973	0.916200	1.000000
0.895	1.000000	0.915285	0.711116	0.486130	0.308222	0.195117	0.136629	0.113796	0.108727	0.113796	0.136629	0.195117	0.308222	0.486130	0.711116	0.915285	1.000000
0.900	1.000000	0.914366	0.708250	0.481658	0.303028	0.189881	0.131686	0.109196	0.104277	0.109196	0.131686	0.189881	0.303028	0.481658	0.708250	0.914366	1.000000
0.905	1.000000	0.913442	0.705377	0.477186	0.297850	0.184679	0.126792	0.104654	0.099890	0.104654	0.126792	0.184679	0.297850	0.477186	0.705377	0.913442	1.000000
0.910	1.000000	0.912514	0.702495	0.472714	0.292689	0.179511	0.121947	0.100172	0.095565	0.100172	0.121947	0.179511	0.292689	0.472714	0.702495	0.912514	1.000000
0.915	1.000000	0.911581	0.699605	0.468242	0.287546	0.174379	0.117151	0.095749	0.091304	0.095749	0.117151	0.174379	0.287546	0.468242	0.699605	0.911581	1.000000
0.920	1.000000	0.910644	0.696707	0.463772	0.282421	0.169281	0.112405	0.091386	0.087106	0.091386	0.112405	0.169281	0.282421	0.463772	0.696707	0.910644	1.000000
0.925	1.000000	0.909702	0.693801	0.459302	0.277314	0.164219	0.107709	0.087083	0.082973	0.087083	0.107709	0.164219	0.277314	0.459302	0.693801	0.909702	1.000000
0.930	1.000000	0.908756	0.690888	0.454834	0.272225	0.159194	0.103063	0.082841	0.078904	0.082841	0.103063	0.159194	0.272225	0.454834	0.690888	0.908756	1.000000
0.935	1.000000	0.907806	0.687967	0.450367	0.267156	0.154205	0.098469	0.078660	0.074899	0.078660	0.098469	0.154205	0.267156	0.450367	0.687967	0.907806	1.000000
0.940	1.000000	0.906851	0.685039	0.445903	0.262107	0.149253	0.093926	0.074540	0.070960	0.074540	0.093926	0.149253	0.262107	0.445903	0.685039	0.906851	1.000000
0.945	1.000000	0.905892	0.682103	0.441440	0.257077	0.144339	0.089434	0.070482	0.067087	0.070482	0.089434	0.144339	0.257077	0.441440	0.682103	0.905892	1.000000
0.950	1.000000	0.904928	0.679160	0.436980	0.252067	0.139462	0.084994	0.066486	0.063279	0.066486	0.084994	0.139462	0.252067	0.436980	0.679160	0.904928	1.000000
0.955	1.000000	0.903960	0.676210	0.432523	0.247079	0.134623	0.080607	0.062552	0.059537	0.062552	0.080607	0.134623	0.247079	0.432523	0.676210	0.903960	1.000000
0.960	1.000000	0.902988	0.673253	0.428070	0.242111	0.129823	0.076272	0.058681	0.055862	0.058681	0.076272	0.129823	0.242111	0.428070	0.673253	0.902988	1.000000
0.965	1.000000	0.902011	0.670289	0.423619	0.237164	0.125062	0.071990	0.054873	0.052253	0.054873	0.071990	0.125062	0.237164	0.423619	0.670289	0.902011	1.000000
0.970	1.000000	0.901030	0.667318	0.419172	0.232240	0.120340	0.067762	0.051128	0.048711	0.051128	0.067762	0.120340	0.232240	0.419172	0.667318	0.901030	1.000000
0.975	1.000000	0.900045	0.664341	0.414729	0.227337	0.115657	0.063587	0.047446	0.045236	0.047446	0.063587	0.115657	0.227337	0.414729	0.664341	0.900045	1.000000
0.980	1.000000	0.899055	0.661357	0.410290	0.222458	0.111014	0.059465	0.043827	0.041828	0.043827	0.059465	0.111014	0.222458	0.410290	0.661357	0.899055	1.000000
0.985	1.000000	0.898062	0.658366	0.405856	0.217600	0.106412	0.055398	0.040273	0.038488	0.040273	0.055398	0.106412	0.217600	0.405856	0.658366	0.898062	1.000000
0.990	1.000000	0.897063	0.655369	0.401427	0.212767	0.101850	0.051385	0.036782	0.035216	0.036782	0.051385	0.101850	0.212767	0.401427	0.655369	0.897063	1.000000
0.995	1.000000	0.896061	0.652366	0.397002	0.207956	0.097328	0.047426	0.033356	0.032011	0.033356	0.047426	0.097328	0.207956	0.397002	0.652366	0.896061	1.000000
1.000	1.000000	0.895054	0.649357	0.392583	0.203170	0.092848	0.043522	0.029994	0.028874	0.029994	0.043522	0.092848	0.203170	0.392583	0.649357	0.895054	1.000000
